Insertion sorted array is: 
 1
 2
 2
 2
 4
 6
 7
 8
 9
 10
 10
 11
 13
 17
 18
 18
 20
 21
 22
 23
 25
 25
 25
 27
 27
 28
 29
 32
 33
 33
 36
 40
 41
 43
 43
 43
 44
 44
 44
 45
 46
 46
 48
 48
 49
 50
 50
 51
 56
 56
 58
 58
 60
 60
 60
 61
 62
 62
 63
 64
 64
 65
 65
 66
 67
 67
 67
 68
 68
 68
 68
 70
 70
 71
 71
 72
 73
 73
 74
 75
 75
 75
 76
 77
 78
 79
 80
 82
 83
 83
 84
 85
 86
 89
 91
 93
 95
 95
 95
 95
 95
 96
 97
 98
 98
 100
 101
 101
 102
 103
 104
 104
 104
 105
 107
 108
 109
 114
 114
 115
 115
 117
 118
 119
 119
 120
 121
 122
 123
 123
 123
 125
 125
 126
 126
 128
 129
 130
 130
 130
 131
 131
 133
 133
 134
 135
 135
 136
 136
 138
 138
 139
 139
 140
 141
 141
 143
 146
 146
 149
 149
 149
 150
 151
 152
 153
 153
 154
 155
 155
 156
 158
 159
 159
 161
 161
 162
 163
 163
 164
 166
 166
 166
 167
 168
 168
 169
 170
 170
 170
 172
 172
 174
 174
 174
 176
 176
 176
 177
 179
 179
 179
 181
 181
 184
 191
 192
 193
 196
 198
 198
 199
 200
 200
 201
 201
 202
 203
 204
 204
 205
 205
 208
 209
 209
 211
 211
 214
 215
 215
 215
 217
 217
 218
 219
 220
 222
 222
 222
 224
 228
 230
 232
 232
 233
 233
 234
 234
 239
 239
 240
 241
 243
 243
 245
 248
 249
 250
 251
 251
 251
 252
 254
 260
 260
 262
 264
 267
 269
 271
 273
 273
 274
 275
 276
 276
 277
 277
 279
 279
 279
 280
 282
 282
 284
 286
 287
 288
 288
 288
 288
 292
 293
 296
 298
 298
 299
 299
 302
 304
 305
 305
 306
 309
 310
 310
 311
 314
 314
 314
 315
 316
 316
 316
 316
 316
 317
 318
 319
 319
 320
 321
 321
 322
 322
 323
 323
 324
 325
 326
 326
 328
 330
 331
 333
 335
 336
 337
 338
 339
 342
 342
 343
 345
 345
 345
 345
 345
 346
 346
 347
 350
 351
 352
 354
 354
 355
 355
 357
 358
 358
 363
 366
 366
 366
 366
 367
 367
 369
 370
 370
 371
 372
 374
 375
 377
 377
 377
 377
 378
 381
 381
 381
 382
 383
 384
 384
 384
 386
 387
 388
 389
 389
 389
 390
 391
 393
 393
 394
 394
 395
 396
 397
 401
 404
 404
 404
 406
 406
 411
 412
 414
 414
 414
 416
 417
 417
 421
 423
 423
 423
 425
 425
 425
 425
 429
 429
 429
 430
 431
 431
 431
 434
 436
 436
 437
 440
 441
 442
 444
 444
 446
 447
 448
 448
 449
 449
 450
 450
 451
 453
 453
 454
 455
 455
 456
 456
 457
 458
 459
 459
 460
 460
 462
 463
 463
 464
 464
 464
 464
 466
 467
 471
 471
 472
 473
 473
 475
 476
 477
 477
 479
 480
 480
 480
 480
 481
 482
 482
 483
 485
 486
 486
 486
 488
 489
 489
 494
 494
 494
 495
 497
 499
 500
 500
 501
 502
 503
 504
 504
 507
 509
 509
 510
 512
 512
 512
 513
 514
 515
 516
 516
 519
 521
 522
 523
 525
 528
 528
 528
 529
 531
 532
 533
 533
 535
 535
 535
 536
 536
 537
 538
 538
 538
 539
 539
 540
 540
 540
 541
 541
 543
 543
 544
 545
 545
 546
 549
 549
 551
 553
 554
 555
 555
 555
 558
 558
 558
 558
 559
 559
 561
 563
 566
 566
 567
 567
 569
 569
 573
 575
 576
 576
 577
 578
 578
 581
 585
 587
 588
 588
 588
 589
 589
 589
 590
 591
 592
 596
 597
 597
 600
 604
 605
 606
 606
 607
 608
 609
 611
 611
 612
 615
 615
 616
 617
 622
 623
 623
 624
 624
 625
 625
 627
 627
 628
 628
 628
 628
 628
 628
 629
 629
 630
 633
 633
 634
 636
 636
 636
 638
 639
 640
 640
 640
 642
 643
 643
 644
 645
 645
 645
 645
 646
 648
 649
 649
 650
 652
 653
 653
 655
 657
 660
 660
 661
 665
 666
 666
 667
 667
 668
 668
 669
 670
 671
 672
 672
 672
 672
 674
 674
 675
 676
 677
 677
 679
 681
 681
 682
 683
 683
 683
 683
 684
 686
 687
 688
 689
 691
 692
 693
 694
 694
 697
 697
 698
 698
 699
 701
 701
 702
 703
 703
 704
 706
 706
 706
 709
 710
 711
 712
 712
 712
 713
 713
 715
 715
 716
 716
 717
 717
 717
 717
 718
 718
 719
 720
 722
 723
 727
 728
 729
 730
 730
 730
 730
 731
 732
 733
 736
 737
 739
 739
 740
 740
 741
 741
 743
 744
 745
 746
 746
 746
 748
 748
 748
 749
 749
 750
 750
 750
 750
 750
 751
 753
 753
 754
 755
 756
 756
 756
 757
 759
 759
 760
 760
 761
 761
 762
 763
 765
 765
 765
 766
 766
 767
 768
 768
 769
 771
 772
 774
 774
 775
 775
 777
 781
 783
 784
 784
 784
 785
 786
 787
 787
 789
 789
 790
 790
 791
 791
 792
 793
 793
 796
 796
 797
 797
 797
 799
 799
 800
 800
 802
 803
 803
 806
 807
 808
 809
 809
 810
 812
 812
 812
 814
 815
 815
 816
 816
 818
 818
 819
 819
 819
 821
 824
 824
 826
 826
 831
 832
 833
 834
 836
 839
 841
 843
 843
 844
 848
 850
 852
 853
 856
 859
 863
 863
 863
 865
 865
 866
 867
 867
 868
 868
 869
 869
 869
 872
 874
 875
 878
 880
 880
 881
 883
 885
 885
 885
 886
 887
 888
 892
 893
 894
 898
 899
 900
 900
 905
 905
 906
 909
 912
 913
 913
 914
 915
 915
 917
 918
 919
 920
 921
 922
 923
 923
 928
 928
 930
 931
 931
 932
 933
 934
 934
 934
 935
 936
 937
 939
 939
 940
 940
 940
 941
 941
 944
 946
 947
 949
 949
 951
 952
 953
 956
 960
 960
 961
 963
 964
 965
 966
 966
 967
 968
 968
 971
 972
 972
 973
 973
 974
 974
 976
 976
 977
 977
 978
 979
 979
 981
 981
 981
 984
 985
 986
 988
 988
 989
 990
 990
 991
 993
 993
 996
 998
 999

